neighborhood,neighborhood-2,st_distance
34,34,0.0
34,35,0.0
34,36,0.00038825800000000016
34,37,0.0
34,38,0.009224164
34,3,0.12405040699999999
34,39,0.021739215
34,40,0.022515017999999998
34,41,0.038127439
34,0,0.154589667
34,10,0.17330662300000002
34,11,0.169908527
34,12,0.147893399
34,13,0.132625876
34,14,0.145909856
34,15,0.12090983
34,16,0.173262539
34,17,0.174937873
34,18,0.130672962
34,1,0.14992760300000002
34,19,0.114764
34,20,0.10421099
34,21,0.077711766
34,22,0.07492821599999999
34,23,0.044537793
34,24,0.111683382
34,25,0.09312650800000001
34,26,0.06567239999999999
34,27,0.013238277
34,28,0.059114639000000004
34,2,0.10981623900000001
34,29,0.057599906
34,30,0.012319845
34,32,0.0
34,33,0.0
34,9,0.200478309
34,7,0.041397237999999996
34,31,0.021791506000000002
34,42,0.054618837
34,43,0.07272336
34,44,0.06911215799999999
34,45,0.07724942
34,46,0.08803429900000001
34,58,0.027140001
34,5,0.086977415
34,47,0.08880523
34,48,0.084355231
34,4,0.097042991
34,49,0.102279215
34,50,0.10375380599999999
34,51,0.119781922
34,52,0.138420781
34,53,0.138110712
34,54,0.155588414
34,55,0.10944685900000001
34,56,0.08494072800000001
34,57,0.05525663
34,59,0.004994983
34,60,0.007148553
34,61,0.08663993
34,62,0.053838215999999994
34,63,0.11507476900000001
34,64,0.091959884
34,65,0.062395828
34,66,0.03926755
34,67,0.029085036
34,68,0.040514275
34,6,0.065649691
34,69,0.08259435400000001
34,70,0.067292475
34,71,0.09846032800000001
34,72,0.092827946
34,73,0.134669467
34,74,0.124788229
34,75,0.22456904600000002
34,76,0.132622575
34,8,0.23179968399999998
35,34,0.0
35,35,0.0
35,36,0.016732549
35,37,0.0
35,38,0.0
35,3,0.144916125
35,39,0.014565637
35,40,0.014447021
35,41,0.030770811000000002
35,0,0.17266002800000002
35,10,0.19716387600000002
35,11,0.19369850100000002
35,12,0.170271163
35,13,0.154911517
35,14,0.169959147
35,15,0.14375297199999998
35,16,0.197287297
35,17,0.198531426
35,18,0.154674525
35,1,0.171202117
35,19,0.13884480400000002
35,20,0.127149619
35,21,0.09967879800000001
35,22,0.098999062
35,23,0.06462970400000001
35,24,0.13373379999999999
35,25,0.115770515
35,26,0.08911830300000001
35,27,0.036133341
35,28,0.08151909
35,2,0.127297559
35,29,0.07556695
35,30,0.035793967
35,32,0.013490945
35,33,0.016345268
35,9,0.224553129
35,7,0.057320037000000004
35,31,0.037259318
35,42,0.043652117000000004
35,43,0.065452707
35,44,0.059961885
35,45,0.065749245
35,46,0.080041649
35,58,0.043491878
35,5,0.10330075
35,47,0.080041609
35,48,0.082001381
35,4,0.119028544
35,49,0.094629039
35,50,0.093794793
35,51,0.102637576
35,52,0.131497952
35,53,0.13065082
35,54,0.139529955
35,55,0.126016144
35,56,0.10164674900000001
35,57,0.07161713
35,59,0.021341455
35,60,0.023493847999999998
35,61,0.10273102099999999
35,62,0.069442954
35,63,0.13067875199999998
35,64,0.1071586
35,65,0.076258828
35,66,0.051655346
35,67,0.031157456
35,68,0.037645276
35,6,0.08156210400000001
35,69,0.093094895
35,70,0.069154242
35,71,0.10484288800000001
35,72,0.092019208
35,73,0.141713048
35,74,0.12254906900000001
35,75,0.24814132600000002
35,76,0.150608064
35,8,0.255835841
36,34,0.00038825800000000016
36,35,0.016732549
36,36,0.0
36,37,0.0
36,38,0.022363725
36,3,0.143040679
36,39,0.0
36,40,0.022323776
36,41,0.015586878
36,0,0.175551321
36,10,0.185532549
36,11,0.182535471
36,12,0.164629421
36,13,0.149649985
36,14,0.156618666
36,15,0.13699094
36,16,0.181164187
36,17,0.17978270100000002
36,18,0.138661323
36,1,0.16825731
36,19,0.124677337
36,20,0.120300086
36,21,0.095746342
36,22,0.085143245
36,23,0.065512187
36,24,0.111976744
36,25,0.095363831
36,26,0.071571959
36,27,0.034120563
36,28,0.061671597
36,2,0.131298319
36,29,0.052493652
36,30,0.02708127
36,32,0.021880957000000003
36,33,0.0
36,9,0.210199527
36,7,0.062665613
36,31,0.043697322999999996
36,42,0.042235133
36,43,0.043693275
36,44,0.049974377
36,45,0.06080954
36,46,0.06437567599999999
36,58,0.019996293000000002
36,5,0.108853529
36,47,0.066675081
36,48,0.055020251
36,4,0.11495809
36,49,0.076859845
36,50,0.08237533400000001
36,51,0.10981855900000001
36,52,0.109298855
36,53,0.11037210199999999
36,54,0.139549624
36,55,0.1019434
36,56,0.07754294
36,57,0.047535432999999995
36,59,0.0
36,60,0.0
36,61,0.077563888
36,62,0.043354968
36,63,0.10253114699999999
36,64,0.077891264
36,65,0.044376837999999995
36,66,0.019416021000000002
36,67,0.0
36,68,0.011440646
36,6,0.087517289
36,69,0.056711053
36,70,0.037377587999999996
36,71,0.069823762
36,72,0.062928166
36,73,0.106526922
36,74,0.095104294
36,75,0.229068752
36,76,0.153620776
36,8,0.242189861
37,34,0.0
37,35,0.0
37,36,0.0
37,37,0.0
37,38,0.0
37,3,0.144890635
37,39,0.0
37,40,0.0
37,41,0.016374289
37,0,0.17629991600000006
37,10,0.189782754
37,11,0.186675958
37,12,0.167450985
37,13,0.152343949
37,14,0.16120637699999998
37,15,0.140008742
37,16,0.18638627300000002
37,17,0.18553572
37,18,0.14380241400000002
37,1,0.170436137
37,19,0.129382726
37,20,0.123280739
37,21,0.09798276199999999
37,22,0.089628352
37,23,0.066164563
37,24,0.11823045199999999
37,25,0.101335027
37,26,0.076842315
37,27,0.034536419
37,28,0.067410151
37,2,0.131644429
37,29,0.059099405999999986
37,30,0.029506533999999997
37,32,0.020763125
37,33,0.0
37,9,0.215074866
37,7,0.063096961
37,31,0.043691684
37,42,0.032316067999999996
37,43,0.050972777000000004
37,44,0.046616242999999995
37,45,0.05482814
37,46,0.065816215
37,58,0.026749561
37,5,0.10885340199999999
37,47,0.066396397
37,48,0.06263207900000001
37,4,0.117239212
37,49,0.080267625
37,50,0.08125534
37,51,0.09899998199999999
37,52,0.11663447699999999
37,53,0.11613412599999999
37,54,0.134075318
37,55,0.10918073199999999
37,56,0.08477348900000001
37,57,0.054851018
37,59,0.004607831
37,60,0.006596623
37,61,0.08461932300000001
37,62,0.05042413900000002
37,63,0.110010507
37,64,0.08556917
37,65,0.052607903
37,66,0.027195119
37,67,0.007297373
37,68,0.018739224
37,6,0.08752647599999999
37,69,0.066604512
37,70,0.04639288900000002
37,71,0.079676531
37,72,0.071592651
37,73,0.116427095
37,74,0.103180425
37,75,0.234913605
37,76,0.154335938
37,8,0.24693890699999999
38,34,0.009224164
38,35,0.0
38,36,0.022363725
38,37,0.0
38,38,0.0
38,3,0.159582334
38,39,0.0
38,40,0.0
38,41,0.016093616
38,0,0.18755824399999999
38,10,0.210100244
38,11,0.206762707
38,12,0.184498755
38,13,0.169172159
38,14,0.182308003
38,15,0.157730726
38,16,0.208632155
38,17,0.20861829699999998
38,18,0.165981284
38,1,0.185794422
38,19,0.150820583
38,20,0.141061955
38,21,0.11401561699999999
38,22,0.110891432
38,23,0.07930106
38,24,0.141845307
38,25,0.124739689
38,26,0.09945802599999999
38,27,0.049828660999999996
38,28,0.09064218800000001
38,2,0.142192031
38,29,0.08267185
38,30,0.048888617999999995
38,32,0.027984673999999998
38,33,0.023295418
38,9,0.236636428
38,7,0.071962822
38,31,0.052149115
38,42,0.029044438
38,43,0.050976623
38,44,0.045514839
38,45,0.050894995
38,46,0.06559446599999999
38,58,0.049829943
38,5,0.11816652400000001
38,47,0.065455793
38,48,0.068558441
38,4,0.133379046
38,49,0.080159992
38,50,0.079042788
38,51,0.08431152199999999
38,52,0.116964766
38,53,0.116091269
38,54,0.12147201
38,55,0.131646483
38,56,0.10727602300000001
38,57,0.077306797
38,59,0.028091136000000003
38,60,0.029011238999999998
38,61,0.10709700300000001
38,62,0.072874965
38,63,0.132243764
38,64,0.10770788099999999
38,65,0.07438897
38,66,0.049135820999999996
38,67,0.023432756000000002
38,68,0.023863105
38,6,0.096402659
38,69,0.08484705099999999
38,70,0.056986641
38,71,0.094235989
38,72,0.078320338
38,73,0.130975704
38,74,0.108808808
38,75,0.258097193
38,76,0.16550636900000001
38,8,0.268205466
3,34,0.12405040699999999
3,35,0.144916125
3,36,0.143040679
3,37,0.144890635
3,38,0.159582334
3,3,0.0
3,39,0.16590236
3,40,0.17301423300000002
3,41,0.185213925
3,0,0.007232344
3,10,0.047116467
3,11,0.024118304
3,12,0.0
3,13,0.0
3,14,0.042359701
3,15,0.0
3,16,0.07552202200000001
3,17,0.093490426
3,18,0.050510354
3,1,0.0
3,19,0.04514181
3,20,0.014650257
3,21,0.025216238999999998
3,22,0.0479017
3,23,0.046753786
3,24,0.066445965
3,25,0.077766191
3,26,0.07301666700000001
3,27,0.072699554
3,28,0.091886636
3,2,0.0
3,29,0.10434342099999999
3,30,0.101963123
3,32,0.102057118
3,33,0.110824226
3,9,0.071114839
3,7,0.053549922
3,31,0.083349246
3,42,0.20528534699999998
3,43,0.213636665
3,44,0.219090332
3,45,0.227838824
3,46,0.23655091
3,58,0.1228433
3,5,0.0
3,47,0.238100825
3,48,0.225627605
3,4,0.0
3,49,0.24972209399999998
3,50,0.253519465
3,51,0.26877398199999997
3,52,0.276981806
3,53,0.282901265
3,54,0.30555222600000004
3,55,0.145917303
3,56,0.136372317
3,57,0.12651762
3,59,0.11528998800000001
3,60,0.13836041300000002
3,61,0.15641429999999998
3,62,0.156537384
3,63,0.180652431
3,64,0.17611465
3,65,0.174800962
3,66,0.167577422
3,67,0.16844024100000002
3,68,0.183968233
3,6,0.029169792000000007
3,69,0.20169298600000002
3,70,0.203766998
3,71,0.225848351
3,72,0.22958972600000002
3,73,0.24861627
3,74,0.262281747
3,75,0.129679463
3,76,0.0
3,8,0.100671984
39,34,0.021739215
39,35,0.014565637
39,36,0.0
39,37,0.0
39,38,0.0
39,3,0.16590236
39,39,0.0
39,40,0.0
39,41,0.0
39,0,0.19795603899999997
39,10,0.207162443
39,11,0.204313191
39,12,0.187423681
39,13,0.172485323
39,14,0.17778578
39,15,0.159723169
39,16,0.20094499600000001
39,17,0.19790170899999998
39,18,0.158775463
39,1,0.19115159899999998
39,19,0.145731828
39,20,0.143057466
39,21,0.118640164
39,22,0.10671660699999999
39,23,0.087824759
39,24,0.12813589
39,25,0.113144429
39,26,0.09184800900000001
39,27,0.056190147999999995
39,28,0.080842882
39,2,0.153397767
39,29,0.06720892
39,30,0.049955915
39,32,0.042484035999999996
39,33,0.021785035
39,9,0.230728402
39,7,0.084797926
39,31,0.06543441900000001
39,42,0.018788783
39,43,0.029031808
39,44,0.030654086
39,45,0.039960939
39,46,0.046115921
39,58,0.034711708
39,5,0.130636888
39,47,0.047953758
39,48,0.041482753
39,4,0.137852269
39,49,0.059505660999999994
39,50,0.063600217
39,51,0.086968555
39,52,0.094690694
39,53,0.09486418199999999
39,54,0.119776325
39,55,0.109165014
39,56,0.085091322
39,57,0.05546056
39,59,0.022326077000000003
39,60,0.006732959
39,61,0.084649264
39,62,0.050260198
39,63,0.109224918
39,64,0.084541528
39,65,0.050374847
39,66,0.026320035
39,67,0.0
39,68,0.0
39,6,0.109307134
39,69,0.056420257
39,70,0.027978375
39,71,0.06517303099999999
39,72,0.051883350999999994
39,73,0.101830269
39,74,0.082243123
39,75,0.24667974899999998
39,76,0.17599911899999998
39,8,0.26293136899999997
40,34,0.022515017999999998
40,35,0.014447021
40,36,0.022323776
40,37,0.0
40,38,0.0
40,3,0.17301423300000002
40,39,0.0
40,40,0.0
40,41,0.0
40,0,0.20174483699999998
40,10,0.22100787600000002
40,11,0.21783483
40,12,0.19716883699999999
40,13,0.181911469
40,14,0.192575704
40,15,0.17008189699999998
40,16,0.217679075
40,17,0.216278793
40,18,0.17513011899999995
40,1,0.199064355
40,19,0.160774835
40,20,0.153360785
40,21,0.126965665
40,22,0.12099237800000001
40,23,0.09287221300000001
40,24,0.147796446
40,25,0.13171317800000001
40,26,0.108089882
40,27,0.06247913
40,28,0.09821956400000001
40,2,0.15643000699999998
40,29,0.087288256
40,30,0.059958700999999996
40,32,0.042529288
40,33,0.031116836000000002
40,9,0.246469623
40,7,0.086489317
40,31,0.066448442
40,42,0.012478661
40,43,0.034593319
40,44,0.029133527000000006
40,45,0.034331651
40,46,0.04920503
40,58,0.05398358599999999
40,5,0.132513963
40,47,0.048897882999999996
40,48,0.054155098
40,4,0.146311492
40,49,0.063546493
40,50,0.062489222000000004
40,51,0.06853366
40,52,0.10063393400000001
40,53,0.099702899
40,54,0.10528383699999999
40,55,0.131551781
40,56,0.10744847099999999
40,57,0.077711519
40,59,0.034867077
40,60,0.029191863
40,61,0.107102196
40,62,0.072585962
40,63,0.131522211
40,64,0.10682458800000001
40,65,0.072750182
40,66,0.048607275
40,67,0.022271737000000003
40,68,0.011118521999999999
40,6,0.11079723699999999
40,69,0.077845859
40,70,0.04506045
40,71,0.08338222599999999
40,72,0.063391803
40,73,0.119893451
40,74,0.093667259
40,75,0.265482279
40,76,0.179694297
40,8,0.278330549
41,34,0.038127439
41,35,0.030770811000000002
41,36,0.015586878
41,37,0.016374289
41,38,0.016093616
41,3,0.185213925
41,39,0.0
41,40,0.0
41,41,0.0
41,0,0.21598028600000002
41,10,0.227940201
41,11,0.225073756
41,12,0.207561222
41,13,0.192523334
41,14,0.19857496
41,15,0.17997621800000002
41,16,0.221535919
41,17,0.21801478300000002
41,18,0.179455322
41,1,0.210769908
41,19,0.16651929099999999
41,20,0.16327339400000002
41,21,0.138299487
41,22,0.127486488
41,23,0.106041199
41,24,0.147715649
41,25,0.133332064
41,26,0.11259849300000001
41,27,0.074589845
41,28,0.101464395
41,2,0.17098080100000002
41,29,0.08685214
41,30,0.069674848
41,32,0.05886359400000001
41,33,0.04021374
41,9,0.251452471
41,7,0.102501034
41,31,0.08186658599999999
41,42,0.0
41,43,0.014585978000000001
41,44,0.013304695
41,45,0.02183203
41,46,0.029617228
41,58,0.055165355
41,5,0.147579952
41,47,0.030836002999999997
41,48,0.037989244
41,4,0.15755222800000002
41,49,0.043886158
41,50,0.046341213
41,51,0.05240605
41,52,0.08071258
41,53,0.079751077
41,54,0.089490696
41,55,0.12186374400000001
41,56,0.10011455300000001
41,57,0.07115231400000001
41,59,0.042058282999999995
41,60,0.021564963
41,61,0.097599597
41,62,0.063527674
41,63,0.121733389
41,64,0.097105384
41,65,0.06286645099999999
41,66,0.038861541
41,67,0.012545671000000001
41,68,0.0
41,6,0.126065837
41,69,0.064964525
41,70,0.029679314
41,71,0.067836752
41,72,0.046489007
41,73,0.10438152099999999
41,74,0.075872539
41,75,0.266551975
41,76,0.19399177
41,8,0.283680358
0,34,0.154589667
0,35,0.17266002800000002
0,36,0.175551321
0,37,0.17629991600000006
0,38,0.18755824399999999
0,3,0.007232344
0,39,0.19795603899999997
0,40,0.20174483699999998
0,41,0.21598028600000002
0,0,0.0
0,10,0.079668234
0,11,0.045876602
0,12,0.031026414
0,13,0.036545784
0,14,0.076907753
0,15,0.040823576
0,16,0.10956098199999999
0,17,0.128635196
0,18,0.088080025
0,1,0.0
0,19,0.082985503
0,20,0.054799765
0,21,0.06285218
0,22,0.08771874199999999
0,23,0.08199457
0,24,0.10595456199999999
0,25,0.118427909
0,26,0.11042070400000001
0,27,0.109187299
0,28,0.12946301300000002
0,2,0.021672667000000003
0,29,0.141433428
0,30,0.138356203
0,32,0.132344323
0,33,0.141777307
0,9,0.09610767699999999
0,7,0.08733823199999999
0,31,0.112316099
0,42,0.233402527
0,43,0.24792121
0,44,0.24835862399999997
0,45,0.25610647
0,46,0.267007005
0,58,0.159073259
0,5,0.036479811
0,47,0.268005829
0,48,0.25951023
0,4,0.036472656
0,49,0.28085635600000003
0,50,0.282999575
0,51,0.292949256
0,52,0.313221331
0,53,0.315576921
0,54,0.330556623
0,55,0.186389415
0,56,0.175694903
0,57,0.163499848
0,59,0.14903529199999999
0,60,0.17480184699999998
0,61,0.195461248
0,62,0.19312389100000002
0,63,0.22071164100000001
0,64,0.214909462
0,65,0.211407604
0,66,0.20399233600000002
0,67,0.203964998
0,68,0.216535643
0,6,0.065529374
0,69,0.24031226
0,70,0.24014811600000002
0,71,0.262322557
0,72,0.265725588
0,73,0.286896726
0,74,0.29863370899999997
0,75,0.155158353
0,76,0.0
0,8,0.121895234
10,34,0.17330662300000002
10,35,0.19716387600000002
10,36,0.185532549
10,37,0.189782754
10,38,0.210100244
10,3,0.047116467
10,39,0.207162443
10,40,0.22100787600000002
10,41,0.227940201
10,0,0.079668234
10,10,0.0
10,11,0.0
10,12,0.005602544
10,13,0.004820331
10,14,0.0
10,15,0.004910800999999999
10,16,0.008207733
10,17,0.030297592
10,18,0.028952662
10,1,0.04696827
10,19,0.030900926000000002
10,20,0.033212467
10,21,0.041967177
10,22,0.055237952
10,23,0.073709153
10,24,0.048377179000000006
10,25,0.081043541
10,26,0.08594131699999999
10,27,0.10155848599999999
10,28,0.09902359699999999
10,2,0.078421905
10,29,0.120278908
10,30,0.126366643
10,32,0.155021435
10,33,0.160459508
10,9,0.0
10,7,0.11024734
10,31,0.14112433
10,42,0.25234291
10,43,0.245009846
10,44,0.26299238
10,45,0.27338538100000004
10,46,0.276870665
10,58,0.148286865
10,5,0.078921767
10,47,0.279617516
10,48,0.25747273
10,4,0.05827504400000001
10,49,0.287771368
10,50,0.295287391
10,51,0.320006351
10,52,0.297422095
10,53,0.31547584100000003
10,54,0.34839551
10,55,0.146147761
10,56,0.14672274800000001
10,57,0.146278519
10,59,0.152287112
10,60,0.160292075
10,61,0.166538498
10,62,0.16857917100000006
10,63,0.182203285
10,64,0.182801708
10,65,0.186161596
10,66,0.18910335
10,67,0.199404324
10,68,0.222376932
10,6,0.07841293099999999
10,69,0.208716016
10,70,0.22296852399999997
10,71,0.24278673
10,72,0.251500393
10,73,0.256738529
10,74,0.275903725
10,75,0.048658707
10,76,0.078466004
10,8,0.022808945
11,34,0.169908527
11,35,0.19369850100000002
11,36,0.182535471
11,37,0.186675958
11,38,0.206762707
11,3,0.024118304
11,39,0.204313191
11,40,0.21783483
11,41,0.225073756
11,0,0.045876602
11,10,0.0
11,11,0.0
11,12,0.0
11,13,0.0
11,14,0.0
11,15,0.0
11,16,0.028373832
11,17,0.048353032000000004
11,18,0.029208435
11,1,0.015749353
11,19,0.029661202999999997
11,20,0.029696711
11,21,0.039771227
11,22,0.054506544000000004
11,23,0.070819822
11,24,0.05229994599999999
11,25,0.08052150400000001
11,26,0.08431379
11,27,0.09869525900000001
11,28,0.098211711
11,2,0.056146212
11,29,0.11919373
11,30,0.123982091
11,32,0.151357085
11,33,0.15707500300000002
11,9,0.0
11,7,0.10611439199999999
11,31,0.137170318
11,42,0.249293845
11,43,0.24283238899999998
11,44,0.260141946
11,45,0.27046145
11,46,0.27425140600000003
11,58,0.146247778
11,5,0.063454204
11,47,0.27693470000000003
11,48,0.25530023
11,4,0.046991980999999995
11,49,0.285303395
11,50,0.2926172
11,51,0.316831087
11,52,0.29601378899999997
11,53,0.313376052
11,54,0.346169448
11,55,0.14602684900000001
11,56,0.145578475
11,57,0.144798242
11,59,0.149524243
11,60,0.15831413
11,61,0.165521411
11,62,0.167574851
11,63,0.182363124
11,64,0.182525105
11,65,0.185235188
11,66,0.187296968
11,67,0.197096092
11,68,0.219734125
11,6,0.07406953299999999
11,69,0.20811919399999998
11,70,0.22144355
11,71,0.241472503
11,72,0.24989627
11,73,0.25624285
11,74,0.274912063
11,75,0.048516690999999994
11,76,0.051412698
11,8,0.016566089
12,34,0.147893399
12,35,0.170271163
12,36,0.164629421
12,37,0.167450985
12,38,0.184498755
12,3,0.0
12,39,0.187423681
12,40,0.19716883699999999
12,41,0.207561222
12,0,0.031026414
12,10,0.005602544
12,11,0.0
12,12,0.0
12,13,0.0
12,14,0.007314855
12,15,0.007115291
12,16,0.03640057
12,17,0.056624901
12,18,0.034539188
12,1,0.0
12,19,0.03303302
12,20,0.02538517
12,21,0.039983291000000004
12,22,0.058290659
12,23,0.059272095999999996
12,24,0.058721369
12,25,0.083871919
12,26,0.08378706799999999
12,27,0.08668407800000001
12,28,0.100871418
12,2,0.029687754
12,29,0.11704496199999999
12,30,0.11532353199999999
12,32,0.126843551
12,33,0.134762247
12,9,0.02975308
12,7,0.078043013
12,31,0.109663065
12,42,0.22943604
12,43,0.23203491399999998
12,44,0.24222273800000002
12,45,0.251635528
12,46,0.258526438
12,58,0.138600167
12,5,0.032377389
12,47,0.260524934
12,48,0.244341275
12,4,0.015397835
12,49,0.270971776
12,50,0.276148599
12,51,0.294834489
12,52,0.29183350399999997
12,53,0.302376323
12,54,0.330955628
12,55,0.149882285
12,56,0.145602968
12,57,0.139720333
12,59,0.134210673
12,60,0.151847957
12,61,0.165905804
12,62,0.16779177399999998
12,63,0.18615167
12,64,0.18584126899999998
12,65,0.185836301
12,66,0.181445384
12,67,0.18599495800000002
12,68,0.204667789
12,6,0.046442609
12,69,0.210495601
12,70,0.21722539
12,71,0.238532035
12,72,0.2445397510000001
12,73,0.25863878100000004
12,74,0.273936312
12,75,0.08832114
12,76,0.029739827000000007
12,8,0.059718438
13,34,0.132625876
13,35,0.154911517
13,36,0.149649985
13,37,0.152343949
13,38,0.169172159
13,3,0.0
13,39,0.172485323
13,40,0.181911469
13,41,0.192523334
13,0,0.036545784
13,10,0.004820331
13,11,0.0
13,12,0.0
13,13,0.0
13,14,0.0
13,15,0.0
13,16,0.032684176
13,17,0.052350057
13,18,0.025325444
13,1,0.00845921
13,19,0.022626504
13,20,0.014555358999999999
13,21,0.026061214
13,22,0.047302311
13,23,0.047249791
13,24,0.048448828
13,25,0.07293174200000001
13,26,0.07290877
13,27,0.073091306
13,28,0.089999389
13,2,0.020767837
13,29,0.104519394
13,30,0.102153169
13,32,0.11148838800000001
13,33,0.11947201199999999
13,9,0.03098305
13,7,0.062654927
13,31,0.09426564
13,42,0.21419543100000002
13,43,0.217723081
13,44,0.227104035
13,45,0.236441973
13,46,0.243579457
13,58,0.125082454
13,5,0.020770643999999998
13,47,0.245512256
13,48,0.22997698800000002
13,4,0.0
13,49,0.256149405
13,50,0.261114448
13,51,0.27946544
13,52,0.27843317300000003
13,53,0.28790309999999997
13,54,0.315631206
13,55,0.139097892
13,56,0.134782384
13,57,0.126685623
13,59,0.119599909
13,60,0.138672184
13,61,0.155086441
13,62,0.1566295
13,63,0.175323115
13,64,0.17502127899999995
13,65,0.174861045
13,66,0.16816187100000002
13,67,0.17179250699999998
13,68,0.189882393
13,6,0.03139011
13,69,0.199530315
13,70,0.204260067
13,71,0.22607727800000002
13,72,0.23106058100000001
13,73,0.247819238
13,74,0.26231467199999997
13,75,0.088630771
13,76,0.024842849
13,8,0.062148617999999996
14,34,0.145909856
14,35,0.169959147
14,36,0.156618666
14,37,0.16120637699999998
14,38,0.182308003
14,3,0.042359701
14,39,0.17778578
14,40,0.192575704
14,41,0.19857496
14,0,0.076907753
14,10,0.0
14,11,0.0
14,12,0.007314855
14,13,0.0
14,14,0.0
14,15,0.0
14,16,0.0
14,17,0.014550545
14,18,0.0
14,1,0.043503629
14,19,0.0
14,20,0.0068868969999999995
14,21,0.012830246000000002
14,22,0.025005977000000002
14,23,0.045425158
14,24,0.021853541
14,25,0.051090865
14,26,0.05504001099999999
14,27,0.07265833299999999
14,28,0.068567107
14,2,0.068993407
14,29,0.08953294
14,30,0.09616925
14,32,0.129044553
14,33,0.13272299
14,9,0.0013202189999999999
14,7,0.088076979
14,31,0.117035129
14,42,0.22345386899999997
14,43,0.214400399
14,44,0.2335441610000001
14,45,0.244115616
14,46,0.24690152899999998
14,58,0.117592165
14,5,0.06862932299999999
14,47,0.249773715
14,48,0.226853904
14,4,0.045550636
14,49,0.257529526
14,50,0.265407563
14,51,0.291415572
14,52,0.266522054
14,53,0.284774355
14,54,0.317812042
14,55,0.116810995
14,56,0.115936571
14,57,0.115358986
14,59,0.12282042800000001
14,60,0.12953644
14,61,0.135853214
14,62,0.137905306
14,63,0.15313244199999998
14,64,0.153174121
14,65,0.155562308
14,66,0.158233804
14,67,0.168978061
14,68,0.192500737
14,6,0.059641470999999995
14,69,0.17852579699999999
14,70,0.192047167
14,71,0.211916335
14,72,0.220578475
14,73,0.22669493
14,74,0.245243745
14,75,0.049256960999999995
14,76,0.07169378400000001
14,8,0.033599687999999996
15,34,0.12090983
15,35,0.14375297199999998
15,36,0.13699094
15,37,0.140008742
15,38,0.157730726
15,3,0.0
15,39,0.159723169
15,40,0.17008189699999998
15,41,0.17997621800000002
15,0,0.040823576
15,10,0.004910800999999999
15,11,0.0
15,12,0.007115291
15,13,0.0
15,14,0.0
15,15,0.0
15,16,0.030691531
15,17,0.047936861
15,18,6.670000000000001e-05
15,1,0.021870255
15,19,0.0
15,20,0.0
15,21,0.007305035
15,22,0.025002008
15,23,0.03268143
15,24,0.024715493999999998
15,25,0.051066491
15,26,0.051403603
15,27,0.05884640400000001
15,28,0.068037171
15,2,0.02068244
15,29,0.087024604
15,30,0.087735176
15,32,0.10039925
15,33,0.107902746
15,9,0.033769812999999996
15,7,0.052397309
15,31,0.08418156800000001
15,42,0.202268909
15,43,0.204060247
15,44,0.21475529399999999
15,45,0.22432527300000002
15,46,0.23081101699999998
15,58,0.11083547699999999
15,5,0.020386484
15,47,0.23288595
15,48,0.216367368
15,4,0.0
15,49,0.243145408
15,50,0.24853423
15,51,0.268277679
15,52,0.262597167
15,53,0.274410888
15,54,0.30407490600000003
15,55,0.11681058300000001
15,56,0.113499335
15,57,0.11118592
15,59,0.10630285199999999
15,60,0.123783909
15,61,0.13374494
15,62,0.135830581
15,63,0.153131877
15,64,0.153156656
15,65,0.15366427800000002
15,66,0.153070751
15,67,0.158024636
15,68,0.176829297
15,6,0.01969534
15,69,0.17769303600000005
15,70,0.187837153
15,71,0.20841160399999997
15,72,0.21603695
15,73,0.226006491
15,74,0.24278921899999997
15,75,0.08878404
15,76,0.025170832999999997
15,8,0.06512389
16,34,0.173262539
16,35,0.197287297
16,36,0.181164187
16,37,0.18638627300000002
16,38,0.208632155
16,3,0.07552202200000001
16,39,0.20094499600000001
16,40,0.217679075
16,41,0.221535919
16,0,0.10956098199999999
16,10,0.008207733
16,11,0.028373832
16,12,0.03640057
16,13,0.032684176
16,14,0.0
16,15,0.030691531
16,16,0.0
16,17,0.0
16,18,0.0
16,1,0.076050642
16,19,0.034042529
16,20,0.040996125
16,21,0.04525533
16,22,0.042653094
16,23,0.07482159299999999
16,24,0.011149895
16,25,0.061899906
16,26,0.074757968
16,27,0.099316801
16,28,0.078405049
16,2,0.10314643800000001
16,29,0.099915419
16,30,0.118436877
16,32,0.158356359
16,33,0.15934822699999998
16,9,0.00870369
16,7,0.120618216
16,31,0.148130983
16,42,0.24734740600000002
16,43,0.232319169
16,44,0.255978666
16,45,0.26694895
16,46,0.267602717
16,58,0.136494927
16,5,0.10274137400000001
16,47,0.270891188
16,48,0.244593819
16,4,0.07974339999999999
16,49,0.277072337
16,50,0.286300839
16,51,0.31552378600000003
16,52,0.2783233
16,53,0.301481433
16,54,0.335208681
16,55,0.12058992699999999
16,56,0.125523801
16,57,0.128297715
16,59,0.14665445800000002
16,60,0.147606589
16,61,0.14640145599999999
16,62,0.148304427
16,63,0.149920301
16,64,0.157467084
16,65,0.164985283
16,66,0.17432726899999998
16,67,0.188518248
16,68,0.214007712
16,6,0.093581371
16,69,0.18501246
16,70,0.205469438
16,71,0.2235099
16,72,0.23423966100000002
16,73,0.231916233
16,74,0.254096714
16,75,0.0
16,76,0.10492962900000001
16,8,0.037502661
17,34,0.174937873
17,35,0.198531426
17,36,0.17978270100000002
17,37,0.18553572
17,38,0.20861829699999998
17,3,0.093490426
17,39,0.19790170899999998
17,40,0.216278793
17,41,0.21801478300000002
17,0,0.128635196
17,10,0.030297592
17,11,0.048353032000000004
17,12,0.056624901
17,13,0.052350057
17,14,0.014550545
17,15,0.047936861
17,16,0.0
17,17,0.0
17,18,0.0
17,1,0.09510275900000001
17,19,0.047951275
17,20,0.055540032999999996
17,21,0.059134448
17,22,0.048215188
17,23,0.08276327900000001
17,24,0.0
17,25,0.057137127
17,26,0.074497017
17,27,0.10262208800000001
17,28,0.069347922
17,2,0.11909144
17,29,0.08764303
17,30,0.116851043
17,32,0.162621719
17,33,0.1605321
17,9,0.030235861
17,7,0.130459629
17,31,0.154977337
17,42,0.2444124560000001
17,43,0.224356849
17,44,0.25158821600000003
17,45,0.262824599
17,46,0.261567809
17,58,0.131331591
17,5,0.116995012
17,47,0.26518820600000004
17,48,0.236351691
17,4,0.09463505800000001
17,49,0.269977736
17,50,0.280276648
17,51,0.312258005
17,52,0.265483598
17,53,0.291952931
17,54,0.326000381
17,55,0.105403346
17,56,0.111125205
17,57,0.118315437
17,59,0.145415677
17,60,0.14140035199999998
17,61,0.13223922
17,62,0.136462861
17,63,0.13260906
17,64,0.141542834
17,65,0.15206763199999998
17,66,0.165798939
17,67,0.182520028
17,68,0.209274866
17,6,0.107574617
17,69,0.169867135
17,70,0.19451685100000002
17,71,0.21105824399999998
17,72,0.223081072
17,73,0.215449383
17,74,0.239569085
17,75,0.028049297
17,76,0.122367352
17,8,0.057391622
18,34,0.130672962
18,35,0.154674525
18,36,0.138661323
18,37,0.14380241400000002
18,38,0.165981284
18,3,0.050510354
18,39,0.158775463
18,40,0.17513011899999995
18,41,0.179455322
18,0,0.088080025
18,10,0.028952662
18,11,0.029208435
18,12,0.034539188
18,13,0.025325444
18,14,0.0
18,15,6.670000000000001e-05
18,16,0.0
18,17,0.0
18,18,0.0
18,1,0.056541377000000004
18,19,0.0
18,20,0.006951448000000001
18,21,0.010443788
18,22,0.0
18,23,0.034562404
18,24,0.0
18,25,0.026084929
18,26,0.032885059
18,27,0.056828326
18,28,0.04378622099999999
18,2,0.071856374
18,29,0.06516396599999999
18,30,0.076246913
18,32,0.116335015
18,33,0.11670815400000001
18,9,0.030598912000000002
18,7,0.082248463
18,31,0.107351816
18,42,0.20505178100000002
18,43,0.192424583
18,44,0.21410868600000002
18,45,0.22496368600000002
18,46,0.226406634
18,58,0.09573590800000001
18,5,0.068521141
18,47,0.22952628
18,48,0.20482272199999998
18,4,0.046578762
18,49,0.236415832
18,50,0.24504717
18,51,0.27322815100000003
18,52,0.242557892
18,53,0.26239511600000004
18,54,0.295755747
18,55,0.091808587
18,56,0.09163262400000001
18,57,0.091769603
18,59,0.104212325
18,60,0.107342133
18,61,0.111336269
18,62,0.113370241
18,63,0.12812996699999998
18,64,0.12816818300000002
18,65,0.130926896
18,66,0.13533642099999998
18,67,0.147681375
18,68,0.17239955699999998
18,6,0.059043454
18,69,0.15361360400000001
18,70,0.168373053
18,71,0.187818872
18,72,0.197037414
18,73,0.20174257199999998
18,74,0.220677455
18,75,0.044028554000000004
18,76,0.077312362
18,8,0.059363885
1,34,0.14992760300000002
1,35,0.171202117
1,36,0.16825731
1,37,0.170436137
1,38,0.185794422
1,3,0.0
1,39,0.19115159899999998
1,40,0.199064355
1,41,0.210769908
1,0,0.0
1,10,0.04696827
1,11,0.015749353
1,12,0.0
1,13,0.00845921
1,14,0.043503629
1,15,0.021870255
1,16,0.076050642
1,17,0.09510275900000001
1,18,0.056541377000000004
1,1,0.0
1,19,0.052405547000000004
1,20,0.036438238
1,21,0.047086434
1,22,0.069183084
1,23,0.068905165
1,24,0.077278369
1,25,0.096051224
1,26,0.094790819
1,27,0.094574979
1,28,0.113023573
1,2,0.01466484
1,29,0.126205848
1,30,0.12383689699999999
1,32,0.128123301
1,33,0.136689499
1,9,0.067237885
1,7,0.07938055
1,31,0.1097346
1,42,0.231369233
1,43,0.23779042399999997
1,44,0.244921135
1,45,0.25385431
1,46,0.26205345399999996
1,58,0.146283158
1,5,0.026603755
1,47,0.263743638
1,48,0.249930205
1,4,0.021860482999999997
1,49,0.27500026699999996
1,50,0.279236466
1,51,0.29490084
1,52,0.299644349
1,53,0.30757194
1,54,0.33194512600000003
1,55,0.164063849
1,56,0.156937355
1,57,0.14838085
1,59,0.13935894599999998
1,60,0.160252562
1,61,0.17719163100000002
1,62,0.17846125699999998
1,63,0.19967479600000002
1,64,0.197075048
1,65,0.196668363
1,66,0.18959824399999997
1,67,0.1921322
1,68,0.208963468
1,6,0.051365815999999995
1,69,0.222144229
1,70,0.225775607
1,71,0.24773746800000002
1,72,0.252232354
1,73,0.269842696
1,74,0.284144021
1,75,0.12637718
1,76,0.0
1,8,0.096119156
19,34,0.114764
19,35,0.13884480400000002
19,36,0.124677337
19,37,0.129382726
19,38,0.150820583
19,3,0.04514181
19,39,0.145731828
19,40,0.160774835
19,41,0.16651929099999999
19,0,0.082985503
19,10,0.030900926000000002
19,11,0.029661202999999997
19,12,0.03303302
19,13,0.022626504
19,14,0.0
19,15,0.0
19,16,0.034042529
19,17,0.047951275
19,18,0.0
19,1,0.052405547000000004
19,19,0.0
19,20,0.0
19,21,0.0
19,22,0.0
19,23,0.015771105
19,24,0.0
19,25,0.025539112000000003
19,26,0.025604427000000003
19,27,0.040952665
19,28,0.042534591
19,2,0.064490765
19,29,0.061109199999999995
19,30,0.064209614
19,32,0.09910456699999999
19,33,0.101248021
19,9,0.054778121
19,7,0.063283632
19,31,0.08906736
19,42,0.19148271
19,43,0.182838433
19,44,0.20147901199999999
19,45,0.21206587699999999
19,46,0.214884092
19,58,0.086233332
19,5,0.05243423
19,47,0.217729022
19,48,0.19530446
19,4,0.036412375
19,49,0.225623267
19,50,0.233370615
19,51,0.259504415
19,52,0.23674166100000002
19,53,0.253359134
19,54,0.28620606600000004
19,55,0.09136481199999999
19,56,0.08767727300000001
19,57,0.085409315
19,59,0.090768703
19,60,0.09832073699999999
19,61,0.107952122
19,62,0.110041393
19,63,0.127683427
19,64,0.12764925400000002
19,65,0.127888172
19,66,0.12743342800000002
19,67,0.137200986
19,68,0.160456865
19,6,0.043626689
19,69,0.152125566
19,70,0.162003652
19,71,0.182507826
19,72,0.19027535199999998
19,73,0.20043674399999997
19,74,0.21689589399999998
19,75,0.092627081
19,76,0.071246658
19,8,0.085855209
20,34,0.10421099
20,35,0.127149619
20,36,0.120300086
20,37,0.123280739
20,38,0.141061955
20,3,0.014650257
20,39,0.143057466
20,40,0.153360785
20,41,0.16327339400000002
20,0,0.054799765
20,10,0.033212467
20,11,0.029696711
20,12,0.02538517
20,13,0.014555358999999999
20,14,0.0068868969999999995
20,15,0.0
20,16,0.040996125
20,17,0.055540032999999996
20,18,0.006951448000000001
20,1,0.036438238
20,19,0.0
20,20,0.0
20,21,0.0
20,22,0.018137625
20,23,0.01809066
20,24,0.020387688
20,25,0.04376303
20,26,0.043741641
20,27,0.043562424
20,28,0.060769248
20,2,0.026720569
20,29,0.07519150200000001
20,30,0.072822554
20,32,0.08385809799999999
20,33,0.091234454
20,9,0.060668266
20,7,0.036546771
20,31,0.068106001
20,42,0.18553967899999999
20,43,0.187841548
20,44,0.19803286399999998
20,45,0.207592592
20,46,0.21415513600000002
20,58,0.095420811
20,5,0.014505768999999996
20,47,0.216200531
20,48,0.200106218
20,4,0.0
20,49,0.226559285
20,50,0.23184187899999997
20,51,0.251626574
20,52,0.248751307
20,53,0.25806803
20,54,0.287370074
20,55,0.10985186599999999
20,56,0.105613466
20,57,0.097366718
20,59,0.08982004
20,60,0.10924009400000001
20,61,0.125916433
20,62,0.127448715
20,63,0.146080849
20,64,0.145851915
20,65,0.14565461400000002
20,66,0.138608192
20,67,0.141899815
20,68,0.1602534
20,6,0.0050410690000000005
20,69,0.170366383
20,70,0.17477302
20,71,0.196725111
20,72,0.20135409699999998
20,73,0.218649318
20,74,0.233129748
20,75,0.099580672
20,76,0.036604676
20,8,0.091146072
21,34,0.077711766
21,35,0.09967879800000001
21,36,0.095746342
21,37,0.09798276199999999
21,38,0.11401561699999999
21,3,0.025216238999999998
21,39,0.118640164
21,40,0.126965665
21,41,0.138299487
21,0,0.06285218
21,10,0.041967177
21,11,0.039771227
21,12,0.039983291000000004
21,13,0.026061214
21,14,0.012830246000000002
21,15,0.007305035
21,16,0.04525533
21,17,0.059134448
21,18,0.010443788
21,1,0.047086434
21,19,0.0
21,20,0.0
21,21,0.0
21,22,0.0
21,23,0.0
21,24,0.015577581
21,25,0.025581568
21,26,0.025395736000000002
21,27,0.024949116
21,28,0.043611952
21,2,0.029026472999999997
21,29,0.056890181
21,30,0.05432374400000002
21,32,0.056278163
21,33,0.064491539
21,9,0.067662839
21,7,0.007419045999999999
21,31,0.039214892
21,42,0.15928032
21,43,0.16591329800000001
21,44,0.17260312
21,45,0.18166821100000002
21,46,0.189555864
21,58,0.075282223
21,5,0.005676761
21,47,0.19129297899999997
21,48,0.17792283899999994
21,4,0.0
21,49,0.202491452
21,50,0.20682070100000002
21,51,0.22421333899999998
21,52,0.229533614
21,53,0.23531067
21,54,0.26045663399999996
21,55,0.09295805800000001
21,56,0.08724943800000001
21,57,0.078938496
21,59,0.067573905
21,60,0.090555204
21,61,0.107552731
21,62,0.108725899
21,63,0.128761255
21,64,0.1274886
21,65,0.12703910699999998
21,66,0.119768634
21,67,0.12075781699999999
21,68,0.13651527800000002
21,6,0.0
21,69,0.15216549099999999
21,70,0.15597586900000002
21,71,0.17803448600000002
21,72,0.18211992800000001
21,73,0.200285737
21,74,0.214496639
21,75,0.10350612599999999
21,76,0.042241595
21,8,0.098646656
22,34,0.07492821599999999
22,35,0.098999062
22,36,0.085143245
22,37,0.089628352
22,38,0.110891432
22,3,0.0479017
22,39,0.10671660699999999
22,40,0.12099237800000001
22,41,0.127486488
22,0,0.08771874199999999
22,10,0.055237952
22,11,0.054506544000000004
22,12,0.058290659
22,13,0.047302311
22,14,0.025005977000000002
22,15,0.025002008
22,16,0.042653094
22,17,0.048215188
22,18,0.0
22,1,0.069183084
22,19,0.0
22,20,0.018137625
22,21,0.0
22,22,0.0
22,23,0.0
22,24,0.0
22,25,0.0
22,26,0.0
22,27,0.001097137
22,28,0.016930521
22,2,0.055230218
22,29,0.031425457000000004
22,30,0.029068325
22,32,0.060550350999999995
22,33,0.061318541
22,9,0.072127861
22,7,0.035660117000000005
22,31,0.053662718
22,42,0.15199083300000002
22,43,0.147061618
22,44,0.162547843
22,45,0.172925103
22,46,0.17680769100000002
22,58,0.05242287
22,5,0.034033047000000004
22,47,0.17940112800000002
22,48,0.159488605
22,4,0.025657861
22,49,0.18819489399999997
22,50,0.1950941
22,51,0.219865282
22,52,0.20557184899999997
22,53,0.217713955
22,54,0.24983061
22,55,0.06571890700000001
22,56,0.061812734
22,57,0.053557279000000006
22,59,0.051956431
22,60,0.065606637
22,61,0.082116945
22,62,0.083517038
22,63,0.102044719
22,64,0.101912346
22,65,0.10174141099999999
22,66,0.09518624
22,67,0.10093089400000001
22,68,0.12228609300000001
22,6,0.02642991
22,69,0.12638918300000002
22,70,0.13118612300000002
22,71,0.152936705
22,72,0.158290513
22,73,0.174702367
22,74,0.18920218100000002
22,75,0.09642722699999999
22,76,0.068021255
22,8,0.104543325
23,34,0.044537793
23,35,0.06462970400000001
23,36,0.065512187
23,37,0.066164563
23,38,0.07930106
23,3,0.046753786
23,39,0.087824759
23,40,0.09287221300000001
23,41,0.106041199
23,0,0.08199457
23,10,0.073709153
23,11,0.070819822
23,12,0.059272095999999996
23,13,0.047249791
23,14,0.045425158
23,15,0.03268143
23,16,0.07482159299999999
23,17,0.08276327900000001
23,18,0.034562404
23,1,0.068905165
23,19,0.015771105
23,20,0.01809066
23,21,0.0
23,22,0.0
23,23,0.0
23,24,0.034332304
23,25,0.018126862
23,26,0.0
23,27,0.0
23,28,0.018897743
23,2,0.038208534
23,29,0.031206346
23,30,0.028626474
23,32,0.022251995
23,33,0.03163858
23,9,0.10011586300000001
23,7,0.0
23,31,0.003276849
23,42,0.125077946
23,43,0.137960615
23,44,0.139213535
23,45,0.14768920300000002
23,46,0.15727391300000002
23,58,0.049797322000000005
23,5,0.016332875
23,47,0.158530277
23,48,0.149467359
23,4,0.017575288999999997
23,49,0.170905146
23,50,0.17378201399999998
23,51,0.188799053
23,52,0.20351006600000002
23,53,0.20543924100000002
23,54,0.22536511399999998
23,55,0.08113421900000001
23,56,0.065943133
23,57,0.053382797
23,59,0.039078301
23,60,0.065094347
23,61,0.08512394699999999
23,62,0.083508735
23,63,0.112290738
23,64,0.10430262400000001
23,65,0.101670569
23,66,0.094678145
23,67,0.09424884900000001
23,68,0.10644125300000001
23,6,0.0
23,69,0.130395541
23,70,0.130437197
23,71,0.152761853
23,72,0.156038377
23,73,0.176155295
23,74,0.18894536399999998
23,75,0.130751405
23,76,0.06011384
23,8,0.131315084
24,34,0.111683382
24,35,0.13373379999999999
24,36,0.111976744
24,37,0.11823045199999999
24,38,0.141845307
24,3,0.066445965
24,39,0.12813589
24,40,0.147796446
24,41,0.147715649
24,0,0.10595456199999999
24,10,0.048377179000000006
24,11,0.05229994599999999
24,12,0.058721369
24,13,0.048448828
24,14,0.021853541
24,15,0.024715493999999998
24,16,0.011149895
24,17,0.0
24,18,0.0
24,1,0.077278369
24,19,0.0
24,20,0.020387688
24,21,0.015577581
24,22,0.0
24,23,0.034332304
24,24,0.0
24,25,0.0
24,26,0.018797218
24,27,0.047532023
24,28,0.0
24,2,0.082496163
24,29,0.020031613
24,30,0.052116109
24,32,0.10482489699999999
24,33,0.09717135199999999
24,9,0.044907910999999995
24,7,0.08210825599999999
24,31,0.101293163
24,42,0.174346322
24,43,0.152848426
24,44,0.18063945399999998
24,45,0.191967193
24,46,0.190081203
24,58,0.06093704
24,5,0.070429539
24,47,0.193763495
24,48,0.16490474300000002
24,4,0.054356524
24,49,0.19840979600000005
24,50,0.20877817199999998
24,51,0.241708662
24,52,0.197288016
24,53,0.221005623
24,54,0.254931127
24,55,0.043855067000000005
24,56,0.045435988
24,57,0.047315437
24,59,0.07864563
24,60,0.070206747
24,61,0.06532642400000001
24,62,0.06725864299999999
24,63,0.080177195
24,64,0.080207642
24,65,0.084264423
24,66,0.09433463
24,67,0.11117796199999999
24,68,0.13832624300000002
24,6,0.061276142
24,69,0.105944495
24,70,0.124392906
24,71,0.142446854
24,72,0.153150965
24,73,0.15392525099999999
24,74,0.173889192
24,75,0.031917235
24,76,0.09137233
24,8,0.07202609900000001
25,34,0.09312650800000001
25,35,0.115770515
25,36,0.095363831
25,37,0.101335027
25,38,0.124739689
25,3,0.077766191
25,39,0.113144429
25,40,0.13171317800000001
25,41,0.133332064
25,0,0.118427909
25,10,0.081043541
25,11,0.08052150400000001
25,12,0.083871919
25,13,0.07293174200000001
25,14,0.051090865
25,15,0.051066491
25,16,0.061899906
25,17,0.057137127
25,18,0.026084929
25,1,0.096051224
25,19,0.025539112000000003
25,20,0.04376303
25,21,0.025581568
25,22,0.0
25,23,0.018126862
25,24,0.0
25,25,0.0
25,26,0.0
25,27,0.028561023999999997
25,28,0.0
25,2,0.087210997
25,29,0.016978603000000002
25,30,0.033427965
25,32,0.085471515
25,33,0.078550208
25,9,0.093912767
25,7,0.06494624
25,31,0.082333348
25,42,0.159666143
25,43,0.14292632800000002
25,44,0.167207158
25,45,0.17835401
25,46,0.178168842
25,58,0.047086282
25,5,0.065022457
25,47,0.181547994
25,48,0.15526193900000002
25,4,0.057581413
25,49,0.187525577
25,50,0.196882308
25,51,0.227589995
25,52,0.192883041
25,53,0.21258212699999998
25,54,0.246085035
25,55,0.046858234000000006
25,56,0.042665035999999996
25,57,0.04180414
25,59,0.061403960999999986
25,60,0.058060840999999995
25,61,0.062891518
25,62,0.064976984
25,63,0.08318176599999999
25,64,0.08259594599999999
25,65,0.082812804
25,66,0.08541287300000001
25,67,0.09901800699999999
25,68,0.12498855
25,6,0.057756493
25,69,0.107083405
25,70,0.118480007
25,71,0.138292628
25,72,0.147094099
25,73,0.155384111
25,74,0.172059625
25,75,0.10654462699999999
25,76,0.09959767900000001
25,8,0.126318854
26,34,0.06567239999999999
26,35,0.08911830300000001
26,36,0.071571959
26,37,0.076842315
26,38,0.09945802599999999
26,3,0.07301666700000001
26,39,0.09184800900000001
